pValue	topAUC	KSstat	GSname
0.0020197231	0.2244	0.3922	MODULE_310
0.0009057432	0.2141	0.4572	LEE_METASTASIS_AND_RNA_PROCESSING_UP
0.0007335469	0.1981	0.5664	WILLIAMS_ESR2_TARGETS_DN
0.0000477898	0.1904	0.4838	GCM_FANCL
0.0000000144	0.1585	0.3684	GNF2_RBBP6
0.0000507377	0.1578	0.2584	MORF_SP3
0.0028814516	0.1374	0.2398	MODULE_323
0.0000013941	0.1353	0.3426	GNF2_DDX5
0.0015287505	0.1341	0.2656	GTAAGAT,MIR-200A
0.0000079390	0.1338	0.3086	GCM_HBP1
0.0000697501	0.1326	0.2424	RIBONUCLEOPROTEIN_COMPLEX_BIOGENESIS_AND_ASSEMBLY
0.0007388473	0.1321	0.3654	NEGATIVE_REGULATION_OF_CELLULAR_COMPONENT_ORGANIZATION_AND_BIOGENESIS
0.0000183901	0.1262	0.2251	MORF_PSMC2
0.0013343872	0.1261	0.3864	REACTOME_SULFUR_AMINO_ACID_METABOLISM
0.0012071070	0.1232	0.3425	GCM_TPR
0.0000132920	0.1224	0.3000	GCM_DDX5
0.0002116327	0.1224	0.1991	PUJANA_BRCA_CENTERED_NETWORK
0.0001542001	0.1222	0.3492	GNF2_NS
0.0005809603	0.1213	0.1801	MORF_PPP2CA
0.0000251328	0.1185	0.2942	MODULE_183
0.0004025979	0.1169	0.2809	GCM_PTPRD
0.0000148082	0.1156	0.3273	GALE_APL_WITH_FLT3_MUTATED_UP
0.0001900234	0.1149	0.2588	GNF2_KPNB1
0.0004699004	0.1132	0.3053	MODULE_284
0.0012653329	0.1128	0.2521	GCM_ERBB2IP
0.0000005663	0.1116	0.2165	GCM_RAB10
0.0010102680	0.1108	0.2344	GCM_CBFB
0.0000139963	0.1107	0.2621	GTTATAT,MIR-410
0.0009855184	0.1105	0.2366	PROTEIN_RNA_COMPLEX_ASSEMBLY
0.0000001081	0.1099	0.3615	GNF2_ST13
0.0000006825	0.1094	0.1553	RICKMAN_METASTASIS_UP
0.0030918749	0.1089	0.1397	MORF_HAT1
0.0008207648	0.1083	0.2394	MORF_RAB6A
0.0000000811	0.1082	0.2703	GCM_DFFA
0.0006944358	0.1077	0.3207	BOYAULT_LIVER_CANCER_SUBCLASS_G12_UP
0.0011105422	0.1076	0.1771	DAZARD_RESPONSE_TO_UV_SCC_DN
0.0000000312	0.1058	0.2364	GCM_MLL
0.0001181970	0.1051	0.3090	GCM_NUMA1
0.0006387425	0.1051	0.2269	DACOSTA_UV_RESPONSE_VIA_ERCC3_TTD_DN
0.0000055348	0.1047	0.2164	GCM_PTK2
0.0000692537	0.1045	0.3272	BOYAULT_LIVER_CANCER_SUBCLASS_G23_UP
0.0001148065	0.1040	0.2531	GCM_RBM8A
0.0002164752	0.1035	0.2758	MORF_SMC1L1
0.0002649628	0.1035	0.1616	MORF_RAD21
0.0000002158	0.1027	0.2683	GCM_ZNF198
0.0005642591	0.1023	0.1797	ACACTAC,MIR-142-3P
0.0000051321	0.1023	0.2039	ASTON_MAJOR_DEPRESSIVE_DISORDER_DN
0.0000000000	0.1023	0.1724	HAMAI_APOPTOSIS_VIA_TRAIL_UP
0.0005511950	0.1006	0.1617	GCM_GSPT1
0.0004308317	0.1001	0.1431	MORF_RAC1
